# shell	all	edge
13332.000000 9375.000000 0.200000
31334.000000 22311.000000 0.300134
45734.000000 32463.000000 0.400268
60164.000000 42736.000000 0.500402
72784.000000 51660.000000 0.600535
84023.000000 59720.000000 0.700669
92737.000000 65937.000000 0.800803
103325.000000 73554.000000 0.900937
112085.000000 79777.000000 1.001071
119825.000000 85077.000000 1.101205
129390.000000 91958.000000 1.201339
136694.000000 97073.000000 1.301473
146965.000000 104576.000000 1.401606
155286.000000 110524.000000 1.501740
163493.000000 115977.000000 1.601874
173014.000000 123105.000000 1.702008
180884.000000 128447.000000 1.802142
190483.000000 134964.000000 1.902276
198799.000000 140714.000000 2.002410
209571.000000 148624.000000 2.102544
218514.000000 155050.000000 2.202677
228484.000000 161971.000000 2.302811
236711.000000 167644.000000 2.402945
245557.000000 173408.000000 2.503079
257907.000000 182584.000000 2.603213
270479.000000 191426.000000 2.703347
278930.000000 197390.000000 2.803481
290061.000000 204964.000000 2.903614
299749.000000 211530.000000 3.003748
312410.000000 220645.000000 3.103882
322869.000000 227871.000000 3.204016
335316.000000 236890.000000 3.304150
346380.000000 244487.000000 3.404284
355421.000000 250620.000000 3.504418
370440.000000 261266.000000 3.604552
381594.000000 268955.000000 3.704685
399559.000000 281941.000000 3.804819
410503.000000 289543.000000 3.904953
423868.000000 298480.000000 4.005087
439128.000000 309595.000000 4.105221
451605.000000 317857.000000 4.205355
466499.000000 328636.000000 4.305489
479551.000000 337216.000000 4.405622
493527.000000 347841.000000 4.505756
508772.000000 357693.000000 4.605890
525608.000000 369665.000000 4.706024
538312.000000 378775.000000 4.806158
555428.000000 390493.000000 4.906292
569507.000000 400080.000000 5.006426
585064.000000 411049.000000 5.106560
601198.000000 422147.000000 5.206693
615780.000000 432045.000000 5.306827
630868.000000 442830.000000 5.406961
650553.000000 456346.000000 5.507095
662662.000000 464620.000000 5.607229
682200.000000 478566.000000 5.707363
699541.000000 490630.000000 5.807497
718878.000000 503833.000000 5.907631
736660.000000 516742.000000 6.007764
753732.000000 527820.000000 6.107898
772901.000000 541365.000000 6.208032
791046.000000 553668.000000 6.308166
805892.000000 564372.000000 6.408300
829875.000000 581139.000000 6.508434
843033.000000 589715.000000 6.608568
863690.000000 603666.000000 6.708701
878282.000000 613029.000000 6.808835
902857.000000 630371.000000 6.908969
922749.000000 644516.000000 7.009103
940020.000000 656295.000000 7.109237
957538.000000 668195.000000 7.209371
979560.000000 683142.000000 7.309505
1002062.000000 699193.000000 7.409639
1021882.000000 711798.000000 7.509772
1040725.000000 724967.000000 7.609906
1060750.000000 738746.000000 7.710040
1089608.000000 758648.000000 7.810174
1106277.000000 769987.000000 7.910308
1127419.000000 783726.000000 8.010442
1149597.000000 799563.000000 8.110576
1172096.000000 814076.000000 8.210710
1193363.000000 828923.000000 8.310843
1219733.000000 847577.000000 8.410977
1241614.000000 862722.000000 8.511111
1266558.000000 879358.000000 8.611245
1286615.000000 892984.000000 8.711379
1311676.000000 910198.000000 8.811513
1330820.000000 922494.000000 8.911647
1363096.000000 945691.000000 9.011780
1382948.000000 958709.000000 9.111914
1402650.000000 971642.000000 9.212048
1430136.000000 990567.000000 9.312182
1452580.000000 1005439.000000 9.412316
1479736.000000 1023519.000000 9.512450
1504809.000000 1041512.000000 9.612584
1531458.000000 1059706.000000 9.712718
1561177.000000 1079845.000000 9.812851
1583456.000000 1094563.000000 9.912985
1610497.000000 1112619.000000 10.013119
1631971.000000 1126740.000000 10.113253
1666755.000000 1151163.000000 10.213387
1690135.000000 1166610.000000 10.313521
1722980.000000 1189477.000000 10.413655
1746722.000000 1205286.000000 10.513788
1775262.000000 1224211.000000 10.613922
1797876.000000 1238965.000000 10.714056
1827514.000000 1259871.000000 10.814190
1853775.000000 1276914.000000 10.914324
1880385.000000 1293865.000000 11.014458
1912387.000000 1315863.000000 11.114592
1943976.000000 1337081.000000 11.214726
1970561.000000 1355348.000000 11.314859
2004213.000000 1377880.000000 11.414993
2028827.000000 1394140.000000 11.515127
2058174.000000 1413641.000000 11.615261
2086282.000000 1432385.000000 11.715395
2120608.000000 1455804.000000 11.815529
2153092.000000 1477933.000000 11.915663
2176099.000000 1492099.000000 12.015797
2205598.000000 1512075.000000 12.115930
2242115.000000 1536879.000000 12.216064
2275721.000000 1560191.000000 12.316198
2301615.000000 1576517.000000 12.416332
2331759.000000 1596147.000000 12.516466
2360904.000000 1615600.000000 12.616600
2400491.000000 1643115.000000 12.716734
2432832.000000 1664021.000000 12.816867
2458743.000000 1680887.000000 12.917001
2496666.000000 1706900.000000 13.017135
2527234.000000 1726326.000000 13.117269
2563475.000000 1751568.000000 13.217403
2597139.000000 1773993.000000 13.317537
2625136.000000 1791213.000000 13.417671
2667291.000000 1819769.000000 13.517805
2704119.000000 1845521.000000 13.617938
2734760.000000 1864577.000000 13.718072
2773787.000000 1891194.000000 13.818206
2801156.000000 1909101.000000 13.918340
2830805.000000 1928150.000000 14.018474
2872008.000000 1955583.000000 14.118608
2897989.000000 1971884.000000 14.218742
2945766.000000 2004222.000000 14.318876
2979108.000000 2026255.000000 14.419009
3013370.000000 2049165.000000 14.519143
3050366.000000 2073020.000000 14.619277
3085067.000000 2094812.000000 14.719411
3126386.000000 2122498.000000 14.819545
3158805.000000 2145161.000000 14.919679
3198030.000000 2170029.000000 15.019813
3236436.000000 2195210.000000 15.119946
3274810.000000 2221697.000000 15.220080
3300557.000000 2236591.000000 15.320214
3335698.000000 2257051.000000 15.420348
3391046.000000 2296906.000000 15.520482
3422475.000000 2316402.000000 15.620616
3458007.000000 2340171.000000 15.720750
3497672.000000 2366343.000000 15.820884
3528416.000000 2385050.000000 15.921017
3574939.000000 2417587.000000 16.021151
3612336.000000 2439420.000000 16.121285
3658332.000000 2470809.000000 16.221419
3699987.000000 2497968.000000 16.321553
3736463.000000 2521639.000000 16.421687
3777665.000000 2549363.000000 16.521821
3820009.000000 2576557.000000 16.621954
3852191.000000 2597094.000000 16.722088
3891812.000000 2622814.000000 16.822222
3938486.000000 2652886.000000 16.922356
3983835.000000 2681656.000000 17.022490
4022765.000000 2707411.000000 17.122624
4067980.000000 2737696.000000 17.222758
4109324.000000 2765499.000000 17.322892
4156396.000000 2793363.000000 17.423025
4196797.000000 2819821.000000 17.523159
4236869.000000 2846594.000000 17.623293
4277684.000000 2872998.000000 17.723427
4335533.000000 2911040.000000 17.823561
4371577.000000 2934818.000000 17.923695
4420400.000000 2965374.000000 18.023829
4465119.000000 2995344.000000 18.123963
4508348.000000 3022971.000000 18.224096
4547354.000000 3048285.000000 18.324230
4596394.000000 3080123.000000 18.424364
4633321.000000 3103457.000000 18.524498
4682252.000000 3135291.000000 18.624632
4730224.000000 3165633.000000 18.724766
4772221.000000 3191832.000000 18.824900
4809307.000000 3214671.000000 18.925033
4869370.000000 3256609.000000 19.025167
4907351.000000 3278917.000000 19.125301
4964638.000000 3317299.000000 19.225435
5010656.000000 3346829.000000 19.325569
5054079.000000 3373571.000000 19.425703
5095971.000000 3400211.000000 19.525837
5138973.000000 3426153.000000 19.625971
5188923.000000 3459187.000000 19.726104
5232983.000000 3487837.000000 19.826238
5289354.000000 3524262.000000 19.926372
5336282.000000 3554226.000000 20.026506
5383893.000000 3583875.000000 20.126640
5423106.000000 3608675.000000 20.226774
5482842.000000 3648662.000000 20.326908
5526657.000000 3675591.000000 20.427041
5580013.000000 3709027.000000 20.527175
5616040.000000 3731645.000000 20.627309
5669189.000000 3765219.000000 20.727443
5721966.000000 3799618.000000 20.827577
5766792.000000 3828174.000000 20.927711
5809473.000000 3852600.000000 21.027845
5865354.000000 3888899.000000 21.127979
5925399.000000 3928930.000000 21.228112
5975725.000000 3961868.000000 21.328246
6020464.000000 3987011.000000 21.428380
6062529.000000 4014330.000000 21.528514
6122505.000000 4052082.000000 21.628648
6185973.000000 4094569.000000 21.728782
6223794.000000 4116985.000000 21.828916
6265690.000000 4142541.000000 21.929050
6335324.000000 4186699.000000 22.029183
6388711.000000 4222229.000000 22.129317
6435223.000000 4249608.000000 22.229451
6486964.000000 4281357.000000 22.329585
6543412.000000 4318598.000000 22.429719
6603012.000000 4356866.000000 22.529853
6638583.000000 4378324.000000 22.629987
6697609.000000 4414881.000000 22.730120
6748393.000000 4446171.000000 22.830254
6805752.000000 4482874.000000 22.930388
6857044.000000 4513251.000000 23.030522
6910994.000000 4546591.000000 23.130656
6965057.000000 4580239.000000 23.230790
7025069.000000 4620467.000000 23.330924
7072471.000000 4646872.000000 23.431058
7131774.000000 4685543.000000 23.531191
7185078.000000 4718512.000000 23.631325
7240658.000000 4753421.000000 23.731459
7292702.000000 4785292.000000 23.831593
7349446.000000 4820064.000000 23.931727
7404082.000000 4852805.000000 24.031861
7459769.000000 4888740.000000 24.131995
7508575.000000 4918799.000000 24.232129
7575754.000000 4962478.000000 24.332262
7639144.000000 5001074.000000 24.432396
7683719.000000 5027674.000000 24.532530
7746821.000000 5067655.000000 24.632664
7798548.000000 5099362.000000 24.732798
7857398.000000 5135297.000000 24.832932
7917779.000000 5174477.000000 24.933066
7974891.000000 5206851.000000 25.033199
8037660.000000 5248502.000000 25.133333
8090824.000000 5278103.000000 25.233467
8153043.000000 5319165.000000 25.333601
8196557.000000 5342246.000000 25.433735
8273032.000000 5392324.000000 25.533869
8321723.000000 5421273.000000 25.634003
8383224.000000 5456885.000000 25.734137
8446309.000000 5498811.000000 25.834270
8503282.000000 5532643.000000 25.934404
8563870.000000 5570208.000000 26.034538
8614583.000000 5600073.000000 26.134672
8676289.000000 5637085.000000 26.234806
8737716.000000 5675039.000000 26.334940
8803131.000000 5713324.000000 26.435074
8867409.000000 5754177.000000 26.535207
8918017.000000 5782416.000000 26.635341
8985260.000000 5826355.000000 26.735475
9033154.000000 5854469.000000 26.835609
9098903.000000 5893086.000000 26.935743
9163607.000000 5931310.000000 27.035877
9214834.000000 5962162.000000 27.136011
9290304.000000 6010231.000000 27.236145
9343384.000000 6039537.000000 27.336278
9416451.000000 6086162.000000 27.436412
9468521.000000 6116613.000000 27.536546
9540882.000000 6161687.000000 27.636680
9602195.000000 6198872.000000 27.736814
9664903.000000 6236531.000000 27.836948
9726154.000000 6272316.000000 27.937082
9799909.000000 6317691.000000 28.037216
9854813.000000 6350629.000000 28.137349
9908578.000000 6380302.000000 28.237483
9978982.000000 6425816.000000 28.337617
10039991.000000 6459293.000000 28.437751
10109270.000000 6499985.000000 28.537885
10166369.000000 6535325.000000 28.638019
10226313.000000 6570193.000000 28.738153
10292593.000000 6612033.000000 28.838286
10359146.000000 6650648.000000 28.938420
10409989.000000 6682946.000000 29.038554
10493561.000000 6733879.000000 29.138688
10542635.000000 6758422.000000 29.238822
10608695.000000 6799354.000000 29.338956
10695087.000000 6851815.000000 29.439090
10748577.000000 6882905.000000 29.539224
10818522.000000 6926196.000000 29.639357
10882227.000000 6961389.000000 29.739491
10953846.000000 7006493.000000 29.839625
11024497.000000 7047842.000000 29.939759
11095017.000000 7092133.000000 30.039893
11146369.000000 7117612.000000 30.140027
11221471.000000 7164259.000000 30.240161
11266095.000000 7187717.000000 30.340295
11361056.000000 7247881.000000 30.440428
11433153.000000 7293155.000000 30.540562
11492863.000000 7323560.000000 30.640696
11564663.000000 7367317.000000 30.740830
11631624.000000 7407036.000000 30.840964
11692535.000000 7441467.000000 30.941098
11768466.000000 7488016.000000 31.041232
11827438.000000 7518735.000000 31.141365
11898594.000000 7564164.000000 31.241499
11967652.000000 7599122.000000 31.341633
12034896.000000 7640385.000000 31.441767
12107063.000000 7684892.000000 31.541901
12186757.000000 7729350.000000 31.642035
12246758.000000 7764161.000000 31.742169
12305392.000000 7796416.000000 31.842303
12387986.000000 7845334.000000 31.942436
12464255.000000 7892490.000000 32.042570
12531294.000000 7931299.000000 32.142704
12602383.000000 7971554.000000 32.242838
12665021.000000 8006593.000000 32.342972
12758090.000000 8063415.000000 32.443106
12830549.000000 8107041.000000 32.543240
12889776.000000 8138670.000000 32.643373
12963864.000000 8180518.000000 32.743507
13020367.000000 8212495.000000 32.843641
13086737.000000 8250317.000000 32.943775
13160362.000000 8292793.000000 33.043909
13232302.000000 8333531.000000 33.144043
13310036.000000 8380412.000000 33.244177
13383163.000000 8421535.000000 33.344311
13462027.000000 8471718.000000 33.444444
13528433.000000 8503494.000000 33.544578
13596791.000000 8542980.000000 33.644712
13657337.000000 8578077.000000 33.744846
13732830.000000 8621758.000000 33.844980
13817448.000000 8671737.000000 33.945114
13889725.000000 8713014.000000 34.045248
13956095.000000 8748905.000000 34.145382
14038469.000000 8797464.000000 34.245515
14111529.000000 8839664.000000 34.345649
14191008.000000 8887282.000000 34.445783
14260952.000000 8927077.000000 34.545917
14329771.000000 8964297.000000 34.646051
14395305.000000 9000040.000000 34.746185
14476102.000000 9045544.000000 34.846319
14552086.000000 9089292.000000 34.946452
14641526.000000 9143761.000000 35.046586
14690695.000000 9167020.000000 35.146720
14799236.000000 9233893.000000 35.246854
14842381.000000 9256436.000000 35.346988
14923625.000000 9303354.000000 35.447122
14993033.000000 9340965.000000 35.547256
15064059.000000 9376893.000000 35.647390
15161633.000000 9434355.000000 35.747523
15232194.000000 9474045.000000 35.847657
15318645.000000 9523938.000000 35.947791
15370883.000000 9551741.000000 36.047925
15466610.000000 9607292.000000 36.148059
15544284.000000 9653094.000000 36.248193
15618254.000000 9687225.000000 36.348327
15693984.000000 9734807.000000 36.448461
15769990.000000 9775749.000000 36.548594
15853254.000000 9824145.000000 36.648728
15929804.000000 9866017.000000 36.748862
16005306.000000 9910247.000000 36.848996
16085786.000000 9952967.000000 36.949130
16149665.000000 9987465.000000 37.049264
16254178.000000 10050705.000000 37.149398
16313895.000000 10080677.000000 37.249531
16391321.000000 10123948.000000 37.349665
16467366.000000 10163259.000000 37.449799
16562914.000000 10220649.000000 37.549933
16639306.000000 10261839.000000 37.650067
16726486.000000 10309622.000000 37.750201
16783399.000000 10340007.000000 37.850335
16873883.000000 10390578.000000 37.950469
16958942.000000 10439317.000000 38.050602
17055691.000000 10494850.000000 38.150736
17109976.000000 10521937.000000 38.250870
17205643.000000 10574949.000000 38.351004
17273387.000000 10611209.000000 38.451138
17364518.000000 10663344.000000 38.551272
17451174.000000 10711192.000000 38.651406
17509662.000000 10742774.000000 38.751539
17603590.000000 10796458.000000 38.851673
17683199.000000 10836322.000000 38.951807
17779544.000000 10896490.000000 39.051941
17836905.000000 10921431.000000 39.152075
17933545.000000 10975287.000000 39.252209
18038783.000000 11040790.000000 39.352343
18092910.000000 11060897.000000 39.452477
18186314.000000 11115411.000000 39.552610
18259991.000000 11153718.000000 39.652744
18347140.000000 11202742.000000 39.752878
18435964.000000 11249457.000000 39.853012
18530699.000000 11306708.000000 39.953146
18604106.000000 11343230.000000 40.053280
18696184.000000 11394388.000000 40.153414
18765649.000000 11430364.000000 40.253548
18855905.000000 11478532.000000 40.353681
18943048.000000 11526875.000000 40.453815
19036534.000000 11578148.000000 40.553949
19111220.000000 11619073.000000 40.654083
19210750.000000 11673828.000000 40.754217
19300082.000000 11722203.000000 40.854351
19362257.000000 11755630.000000 40.954485
19445200.000000 11795719.000000 41.054618
19526536.000000 11842921.000000 41.154752
19646934.000000 11913363.000000 41.254886
19712061.000000 11941621.000000 41.355020
19799759.000000 11988316.000000 41.455154
19884330.000000 12032438.000000 41.555288
19948156.000000 12060653.000000 41.655422
20048734.000000 12119752.000000 41.755556
20151285.000000 12176795.000000 41.855689
20225857.000000 12217245.000000 41.955823
20322202.000000 12268146.000000 42.055957
20392215.000000 12303667.000000 42.156091
20487800.000000 12356333.000000 42.256225
20576192.000000 12405671.000000 42.356359
20674840.000000 12459772.000000 42.456493
20746747.000000 12491142.000000 42.556627
20843979.000000 12545627.000000 42.656760
20918521.000000 12582036.000000 42.756894
21009653.000000 12633346.000000 42.857028
21081453.000000 12667607.000000 42.957162
21197981.000000 12734554.000000 43.057296
21277470.000000 12776030.000000 43.157430
21356521.000000 12813155.000000 43.257564
21455029.000000 12868071.000000 43.357697
21537206.000000 12908053.000000 43.457831
21643894.000000 12967536.000000 43.557965
21728738.000000 13012278.000000 43.658099
21832675.000000 13070973.000000 43.758233
21893648.000000 13093170.000000 43.858367
21990011.000000 13144742.000000 43.958501
22065814.000000 13183222.000000 44.058635
22177051.000000 13243718.000000 44.158768
22264077.000000 13288434.000000 44.258902
22347074.000000 13330711.000000 44.359036
22430505.000000 13373066.000000 44.459170
22526767.000000 13422447.000000 44.559304
22596906.000000 13457120.000000 44.659438
22717657.000000 13526634.000000 44.759572
22791032.000000 13558094.000000 44.859705
22903285.000000 13622047.000000 44.959839
22979817.000000 13658745.000000 45.059973
23080026.000000 13709865.000000 45.160107
23160338.000000 13750003.000000 45.260241
23253011.000000 13798706.000000 45.360375
23343769.000000 13846674.000000 45.460509
23443438.000000 13898740.000000 45.560643
23511295.000000 13927340.000000 45.660776
23626810.000000 13991631.000000 45.760910
23713238.000000 14035557.000000 45.861044
23798899.000000 14078146.000000 45.961178
23905049.000000 14137736.000000 46.061312
23974607.000000 14167355.000000 46.161446
24070264.000000 14213063.000000 46.261580
24178747.000000 14272222.000000 46.361714
24277747.000000 14323788.000000 46.461847
24360389.000000 14362331.000000 46.561981
24460861.000000 14420111.000000 46.662115
24561900.000000 14470644.000000 46.762249
24646248.000000 14511323.000000 46.862383
24746767.000000 14564718.000000 46.962517
24826015.000000 14599270.000000 47.062651
24929393.000000 14656669.000000 47.162784
25025126.000000 14702874.000000 47.262918
25110638.000000 14743336.000000 47.363052
25203012.000000 14789859.000000 47.463186
25278612.000000 14825816.000000 47.563320
25398684.000000 14891541.000000 47.663454
25499775.000000 14944593.000000 47.763588
25591990.000000 14987103.000000 47.863722
25666193.000000 15020168.000000 47.963855
25756869.000000 15067732.000000 48.063989
25868043.000000 15119448.000000 48.164123
25981848.000000 15179958.000000 48.264257
26078831.000000 15235578.000000 48.364391
26179987.000000 15283117.000000 48.464525
26275714.000000 15329701.000000 48.564659
26371106.000000 15379956.000000 48.664793
26460518.000000 15423798.000000 48.764926
26597897.000000 15499325.000000 48.865060
26671417.000000 15528324.000000 48.965194
26755004.000000 15569507.000000 49.065328
26855691.000000 15614999.000000 49.165462
26970294.000000 15675287.000000 49.265596
27044417.000000 15707616.000000 49.365730
27138654.000000 15756107.000000 49.465863
27235535.000000 15801342.000000 49.565997
27370695.000000 15877391.000000 49.666131
27433443.000000 15900317.000000 49.766265
27532099.000000 15952327.000000 49.866399
27630937.000000 16000194.000000 49.966533
27738837.000000 16052140.000000 50.066667
27828883.000000 16093213.000000 50.166801
27937563.000000 16151266.000000 50.266934
28027851.000000 16192135.000000 50.367068
28121311.000000 16238889.000000 50.467202
28237301.000000 16295350.000000 50.567336
28344509.000000 16350691.000000 50.667470
28433312.000000 16389553.000000 50.767604
28544213.000000 16446436.000000 50.867738
28643979.000000 16496055.000000 50.967871
28723424.000000 16531560.000000 51.068005
28829803.000000 16584193.000000 51.168139
28947530.000000 16642660.000000 51.268273
29038823.000000 16686067.000000 51.368407
29130746.000000 16727574.000000 51.468541
29244388.000000 16782343.000000 51.568675
29345904.000000 16832476.000000 51.668809
29451556.000000 16888035.000000 51.768942
29530217.000000 16917835.000000 51.869076
29659537.000000 16985564.000000 51.969210
29731971.000000 17010457.000000 52.069344
29854287.000000 17077912.000000 52.169478
29963031.000000 17132546.000000 52.269612
30074778.000000 17186352.000000 52.369746
30175523.000000 17229426.000000 52.469880
30286263.000000 17282907.000000 52.570013
30376881.000000 17326732.000000 52.670147
30479131.000000 17378122.000000 52.770281
30580386.000000 17428538.000000 52.870415
30685708.000000 17475215.000000 52.970549
30768862.000000 17513502.000000 53.070683
30901507.000000 17579631.000000 53.170817
30995209.000000 17622575.000000 53.270950
31091644.000000 17664291.000000 53.371084
31219381.000000 17728905.000000 53.471218
31314372.000000 17773349.000000 53.571352
31412447.000000 17820174.000000 53.671486
31511443.000000 17862524.000000 53.771620
31627331.000000 17915664.000000 53.871754
31734093.000000 17973691.000000 53.971888
31819576.000000 18002788.000000 54.072021
31934714.000000 18059688.000000 54.172155
32068257.000000 18134780.000000 54.272289
32169937.000000 18176097.000000 54.372423
32256226.000000 18211811.000000 54.472557
32380972.000000 18276785.000000 54.572691
32490175.000000 18324338.000000 54.672825
32582237.000000 18364628.000000 54.772959
32666418.000000 18400050.000000 54.873092
32798014.000000 18467779.000000 54.973226
32892859.000000 18505513.000000 55.073360
33004048.000000 18559839.000000 55.173494
33128700.000000 18615844.000000 55.273628
33231026.000000 18670129.000000 55.373762
33334942.000000 18714642.000000 55.473896
33414091.000000 18747189.000000 55.574029
33522135.000000 18798856.000000 55.674163
33645412.000000 18860643.000000 55.774297
33747396.000000 18903395.000000 55.874431
33859896.000000 18956583.000000 55.974565
33956596.000000 18995444.000000 56.074699
34072586.000000 19051691.000000 56.174833
34187959.000000 19102371.000000 56.274967
34303564.000000 19157953.000000 56.375100
34373217.000000 19183348.000000 56.475234
34504779.000000 19244158.000000 56.575368
34609942.000000 19293363.000000 56.675502
34709151.000000 19338602.000000 56.775636
34821676.000000 19388538.000000 56.875770
34933977.000000 19437497.000000 56.975904
35018691.000000 19475573.000000 57.076037
35145190.000000 19530038.000000 57.176171
35253124.000000 19582058.000000 57.276305
35330352.000000 19613035.000000 57.376439
35465345.000000 19674888.000000 57.476573
35576341.000000 19721152.000000 57.576707
35681114.000000 19772448.000000 57.676841
35790708.000000 19816947.000000 57.776975
35888031.000000 19858902.000000 57.877108
36007409.000000 19910348.000000 57.977242
36114842.000000 19955380.000000 58.077376
36214505.000000 20002135.000000 58.177510
36345602.000000 20068551.000000 58.277644
36438522.000000 20100633.000000 58.377778
36554561.000000 20155788.000000 58.477912
36661384.000000 20202270.000000 58.578046
36796102.000000 20268141.000000 58.678179
36901950.000000 20311804.000000 58.778313
36995515.000000 20351927.000000 58.878447
37105775.000000 20396304.000000 58.978581
37234772.000000 20461989.000000 59.078715
37336820.000000 20500958.000000 59.178849
37423870.000000 20536101.000000 59.278983
37568695.000000 20606658.000000 59.379116
37658325.000000 20632143.000000 59.479250
37772429.000000 20692758.000000 59.579384
37869452.000000 20728946.000000 59.679518
37992452.000000 20783350.000000 59.779652
38109688.000000 20838693.000000 59.879786
38204061.000000 20867005.000000 59.979920
38326082.000000 20926361.000000 60.080054
38453287.000000 20988039.000000 60.180187
38565386.000000 21036916.000000 60.280321
38649470.000000 21065204.000000 60.380455
38755239.000000 21106937.000000 60.480589
38864185.000000 21154841.000000 60.580723
38994596.000000 21220290.000000 60.680857
39069416.000000 21239814.000000 60.780991
39208995.000000 21301281.000000 60.881124
39305500.000000 21344031.000000 60.981258
39452594.000000 21411472.000000 61.081392
39561413.000000 21462800.000000 61.181526
39651166.000000 21493698.000000 61.281660
39767854.000000 21543570.000000 61.381794
39884433.000000 21595382.000000 61.481928
40008617.000000 21646121.000000 61.582062
40108815.000000 21685462.000000 61.682195
40209730.000000 21731864.000000 61.782329
40326498.000000 21780327.000000 61.882463
40440995.000000 21827006.000000 61.982597
40553724.000000 21870736.000000 62.082731
40664596.000000 21914257.000000 62.182865
40799031.000000 21980172.000000 62.282999
40881621.000000 22005380.000000 62.383133
41007979.000000 22061235.000000 62.483266
41103782.000000 22091272.000000 62.583400
41235575.000000 22155035.000000 62.683534
41351673.000000 22197185.000000 62.783668
41463439.000000 22245151.000000 62.883802
41602296.000000 22307993.000000 62.983936
41673553.000000 22327850.000000 63.084070
41787931.000000 22375275.000000 63.184203
41931666.000000 22435880.000000 63.284337
42022095.000000 22474626.000000 63.384471
42117905.000000 22505542.000000 63.484605
42248365.000000 22562301.000000 63.584739
42377590.000000 22621532.000000 63.684873
42491857.000000 22663373.000000 63.785007
42609976.000000 22711924.000000 63.885141
42732012.000000 22763256.000000 63.985274
42831915.000000 22803927.000000 64.085408
42958683.000000 22849309.000000 64.185542
43060190.000000 22889692.000000 64.285676
43165569.000000 22931462.000000 64.385810
43275503.000000 22971443.000000 64.485944
43410857.000000 23031876.000000 64.586078
43514590.000000 23070405.000000 64.686212
43634101.000000 23114726.000000 64.786345
43736702.000000 23154074.000000 64.886479
43873168.000000 23216570.000000 64.986613
43972780.000000 23248517.000000 65.086747
44101175.000000 23299853.000000 65.186881
44232789.000000 23357993.000000 65.287015
44318680.000000 23388923.000000 65.387149
44439734.000000 23439803.000000 65.487282
44584991.000000 23500575.000000 65.587416
44701057.000000 23546908.000000 65.687550
44798449.000000 23576744.000000 65.787684
44907294.000000 23621029.000000 65.887818
45031532.000000 23671808.000000 65.987952
45150380.000000 23716324.000000 66.088086
45264521.000000 23762434.000000 66.188220
45391827.000000 23810427.000000 66.288353
45525933.000000 23867604.000000 66.388487
45631723.000000 23904021.000000 66.488621
45767132.000000 23962645.000000 66.588755
45840760.000000 23978798.000000 66.688889
45987535.000000 24048277.000000 66.789023
46134983.000000 24108013.000000 66.889157
46229003.000000 24139889.000000 66.989290
46351141.000000 24184193.000000 67.089424
46481807.000000 24245951.000000 67.189558
46588934.000000 24273718.000000 67.289692
46697544.000000 24312399.000000 67.389826
46818509.000000 24364559.000000 67.489960
46950455.000000 24414099.000000 67.590094
47067489.000000 24464712.000000 67.690228
47178678.000000 24499433.000000 67.790361
47301299.000000 24551738.000000 67.890495
47431930.000000 24598950.000000 67.990629
47545785.000000 24650866.000000 68.090763
47642348.000000 24673082.000000 68.190897
47794838.000000 24746796.000000 68.291031
47921003.000000 24794241.000000 68.391165
48014268.000000 24822663.000000 68.491299
48166018.000000 24884614.000000 68.591432
48276780.000000 24929404.000000 68.691566
48382306.000000 24962229.000000 68.791700
48515390.000000 25014637.000000 68.891834
48630755.000000 25060816.000000 68.991968
48757290.000000 25113812.000000 69.092102
48865565.000000 25149578.000000 69.192236
49011296.000000 25211549.000000 69.292369
49074852.000000 25221927.000000 69.392503
49204039.000000 25274555.000000 69.492637
49324495.000000 25323961.000000 69.592771
49452530.000000 25378537.000000 69.692905
49570749.000000 25422286.000000 69.793039
49657485.000000 25455994.000000 69.893173
49778138.000000 25501626.000000 69.993307
49891143.000000 25542415.000000 70.093440
50022490.000000 25604334.000000 70.193574
50096684.000000 25628845.000000 70.293708
50217314.000000 25674939.000000 70.393842
50359549.000000 25740955.000000 70.493976
50455152.000000 25775167.000000 70.594110
50556953.000000 25814726.000000 70.694244
50673878.000000 25864800.000000 70.794378
50756931.000000 25892348.000000 70.894511
50883657.000000 25947701.000000 70.994645
50977308.000000 25980899.000000 71.094779
51049286.000000 26002866.000000 71.194913
51190814.000000 26070588.000000 71.295047
51278465.000000 26100823.000000 71.395181
51411829.000000 26158987.000000 71.495315
51531222.000000 26213968.000000 71.595448
51617742.000000 26252203.000000 71.695582
51706991.000000 26284150.000000 71.795716
51830013.000000 26340553.000000 71.895850
51919087.000000 26381689.000000 71.995984
52038368.000000 26429755.000000 72.096118
52098098.000000 26448035.000000 72.196252
52216039.000000 26502660.000000 72.296386
52329569.000000 26555930.000000 72.396519
52448260.000000 26607458.000000 72.496653
52523554.000000 26635952.000000 72.596787
52610905.000000 26677407.000000 72.696921
52708080.000000 26710666.000000 72.797055
52823888.000000 26768623.000000 72.897189
52914154.000000 26801992.000000 72.997323
53019744.000000 26846332.000000 73.097456
53107069.000000 26889320.000000 73.197590
53209398.000000 26936500.000000 73.297724
53322704.000000 26989431.000000 73.397858
53378181.000000 27011808.000000 73.497992
53490121.000000 27056724.000000 73.598126
53581184.000000 27099212.000000 73.698260
53705814.000000 27165013.000000 73.798394
53804686.000000 27209021.000000 73.898527
53845874.000000 27231927.000000 73.998661
53974909.000000 27299313.000000 74.098795
54030588.000000 27320972.000000 74.198929
54122896.000000 27376670.000000 74.299063
54212798.000000 27427279.000000 74.399197
54279253.000000 27455458.000000 74.499331
54350688.000000 27494110.000000 74.599465
54435349.000000 27537546.000000 74.699598
54505510.000000 27579535.000000 74.799732
54587505.000000 27620766.000000 74.899866
